scheduling_time,nb_jobs,nb_jobs_finished,nb_jobs_success,nb_jobs_killed,success_rate,makespan,mean_waiting_time,mean_turnaround_time,mean_slowdown,max_waiting_time,max_turnaround_time,max_slowdown,energy_consumed
3.196883,200,200,0,200,0.0,748.00879,262.459373,266.759373,133.706722,585.008445,600.008445,571.00861,1426813.1175
